"rank"
17
18
21
23
24
25
45
50
68
72
77
78
80
83
86
91
96
101
105
106
111
122
125
128
130
131
132
134
137
138
139
142
143
160
161
164
166
167
169
173
175
177
181
182
185
186
188
189
194
201
203
204
212
213
216
218
220
222
226
227
229
231
233
237
242
246
247
251
252
263
264
266
268
269
270
274
276
278
281
285
286
290
292
314
317
323
325
328
329
332
333
338
341
344
347
348
350
351
357
364
366
368
372
374
376
379
380
383
387
389
394
397
398
400
405
410
416
419
425
428
429
430
431
432
433
434
435
437
439
440
445
450
451
453
455
457
460
464
468
469
470
471
472
473
474
477
480
481
486
490
492
493
496
498
500
501
502
503
505
511
516
519
523
524
525
527
528
541
546
547
548
551
552
553
555
557
559
561
563
564
568
574
580
582
583
585
588
590
593
596
597
601
603
609
616
619
622
623
624
628
632
638
641
643
649
651
652
654
655
656
657
661
663
665
668
672
678
681
689
692
698
702
703
706
707
713
714
716
719
720
721
723
724
728
730
731
732
735
742
743
746
750
753
754
759
762
764
765
772
773
777
785
786
792
799
808
813
816
818
822
825
826
829
834
837
838
846
849
851
852
860
861
862
864
865
866
868
873
874
875
876
877
882
883
885
886
888
889
894
898
902
912
914
916
917
921
922
926
928
929
932
934
939
941
944
945
946
947
952
956
958
961
962
966
967
971
972
973
975
978
980
984
991
994
998
1000
1002
1005
1008
1009
1010
1011
1015
1016
1018
1020
1021
1022
1024
1027
1031
1032
1033
1039
1042
1043
1044
1046
1047
1050
1051
1059
1061
1062
1063
1064
1065
1066
1067
1077
1081
1083
1087
1090
1093
1097
1101
1106
1107
1108
1109
1110
1112
1114
1115
1116
1117
1119
1120
1122
1124
1125
1126
1130
1132
1133
1136
1137
1140
1141
1147
1153
1154
1156
1157
1166
1167
1170
1174
1177
1181
1183
1184
1185
1188
1193
1194
1196
1198
1202
1207
1209
1212
1213
1214
1215
1217
1222
1223
1227
1228
1232
1233
1234
1236
1238
1246
1249
1250
1252
1253
1254
1260
1264
1265
1273
1274
1275
1279
1280
1282
1283
1286
1288
1289
1291
1293
1294
1296
1299
1301
1306
1309
1310
1311
1312
1313
1320
1322
1323
1324
1326
1327
1329
1331
1333
1334
1337
1338
1340
1343
1345
1348
1353
1354
1355
1357
1360
1362
1363
1364
1365
1366
1368
1371
1372
1373
1374
1376
1377
1378
1380
1381
1382
1387
1388
1390
1391
1397
1401
1407
1410
1411
1415
1418
1424
1429
1430
1435
1438
1439
1441
1447
1449
1452
1453
1456
1458
1462
1463
1464
1466
1467
1468
1469
1470
1472
1475
1477
1481
1488
1489
1490
1492
1494
1501
1503
1505
1506
1508
1511
1512
1515
1519
1520
1523
1525
1526
1527
1532
1537
1538
1539
1541
1542
1544
1550
1552
1554
1558
1559
1560
1565
1567
1571
1572
1573
1575
1576
1579
1581
1582
1587
1588
1589
1592
1595
1596
1598
1601
1606
1607
1610
1611
1615
1619
1620
1623
1624
1625
1629
1631
1635
1637
1640
1641
1642
1644
1648
1649
1653
1655
1658
1659
1660
1662
1667
1670
1672
1675
1676
1682
1687
1688
1689
1691
1692
1698
1699
1700
1702
1704
1708
1709
1710
1712
1714
1719
1720
1723
1724
1726
1727
1728
1729
1730
1735
1738
1740
1749
1753
1754
1756
1757
1758
1761
1763
1764
1770
1772
1773
1777
1780
1781
1783
1788
1789
1790
1794
1795
1797
1798
1803
1804
1806
1807
1808
1809
1810
1817
1820
1821
1822
1823
1824
1825
1828
1834
1835
1836
1839
1840
1844
1845
1847
1848
1850
1852
1853
1855
1861
1863
1864
1865
1868
1870
1872
1875
1876
1877
1880
1881
1885
1887
1888
1889
1890
1891
1892
1893
1894
1897
1898
1899
1902
1903
1908
1911
1915
1916
1918
1927
1928
1930
1932
1933
1934
1935
1938
1940
1941
1945
1946
1950
1952
1954
1956
1957
1959
1960
1965
1966
1967
1968
1969
1970
1971
1973
1976
1978
1981
1983
1986
1987
1988
1990
1991
1993
1999
2000
2001
2002
2008
2009
2013
2018
2019
2020
2021
2023
2032
2036
2039
2040
2043
2045
2047
2048
2054
2056
2063
2065
2067
2070
2072
2073
2074
2075
2076
2081
2083
2085
2091
2093
2101
2103
2105
2107
2108
2111
2113
2115
2117
2118
2119
2120
2123
2125
2127
2128
2131
2132
2134
2135
2136
2138
2141
2142
2143
2145
2146
2147
2148
2149
2150
2153
2154
2157
2159
2161
2163
2166
2169
2172
2178
2179
2183
2192
2196
2197
2199
2200
2202
2208
2210
2214
2218
2219
2224
2229
2236
2239
2246
2247
2248
2249
2255
2258
2259
2260
2262
2264
2268
2270
2273
2274
2276
2277
2278
2279
2280
2282
2284
2285
2286
2288
2289
2290
2292
2299
2305
2307
2310
2314
2318
2320
2321
2325
2327
2328
2330
2332
2341
2344
2352
2356
2357
2358
2359
2361
2362
2363
2366
2370
2373
2375
2376
2378
2380
2381
2382
2383
2385
2387
2388
2391
2392
2394
2395
2396
2400
2405
2407
2410
2411
2412
2413
2416
2418
2420
2422
2423
2427
2435
2441
2444
2445
2449
2450
2453
2455
2456
2457
2458
2463
2467
2468
2469
2470
2472
2473
2474
2475
2479
2485
2491
2498
2501
2502
2504
2505
2506
2508
2511
2516
2517
2518
2521
2522
2523
2525
2527
2533
2534
2537
2539
2540
2541
2542
2543
2546
2548
2550
2553
2555
2556
2559
2560
2561
2562
2563
2566
2567
2568
2570
2575
2578
2579
2581
2583
2584
2588
2589
2591
2594
2596
2597
2600
2601
2603
2605
2607
2612
2615
2616
2617
2618
2619
2620
2621
2622
2623
2624
2629
2630
2631
2632
2633
2634
2638
2640
2643
2644
2645
2648
2649
2651
2652
2656
2659
2661
2664
2668
2671
2672
2674
2677
2684
2686
2691
2693
2695
2696
2698
2699
2700
2702
2703
2707
2711
2712
2714
2716
2718
2722
2724
2727
2728
2730
2731
2732
2734
2735
2736
2738
2739
2744
2748
2750
2751
2754
2755
2756
2758
2764
2765
2766
2767
2769
2770
2773
2775
2777
2779
2780
2782
2783
2786
2788
2791
2792
2795
2799
2800
2801
2802
2803
2804
2805
2808
2809
2810
2813
2814
2816
2818
2819
2820
2823
2824
2827
2832
2833
2835
2839
2844
2846
2847
2849
2852
2861
2862
2868
2869
2870
2874
2875
2876
2878
2884
2885
2886
2887
2889
2891
2894
2898
2900
2902
2903
2904
2905
2907
2908
2910
2911
2914
2915
2917
2918
2919
2923
2924
2925
2926
2928
2930
2932
2936
2937
2941
2943
2947
2949
2950
2951
2956
2957
2958
2959
2962
2966
2970
2972
2979
2981
2983
2986
2988
2994
2995
2999
3004
3010
3012
3017
3020
3022
3023
3024
3032
3035
3036
3046
3049
3055
3056
3058
3060
3061
3063
3064
3070
3072
3075
3076
3077
3081
3082
3083
3084
3088
3089
3092
3094
3096
3099
3100
3102
3103
3107
3110
3113
3114
3115
3116
3120
3121
3126
3128
3131
3133
3135
3136
3137
3142
3144
3145
3150
3156
3158
3160
3161
3162
3164
3166
3168
3170
3171
3175
3176
3177
3181
3183
3184
3185
3188
3189
3191
3196
3197
3198
3201
3202
3206
3212
3213
3214
3216
3217
3220
3221
3225
3228
3229
3230
3231
3232
3234
3235
3236
3237
3240
3241
3244
3246
3247
3248
3249
3250
3252
3253
3254
3257
3261
3262
3264
3265
3267
3269
3271
3276
3277
3278
3287
3291
3292
3294
3297
3299
3303
3305
3306
3307
3309
3311
3312
3313
3316
3317
3321
3322
3323
3325
3334
3336
3339
3341
3343
3345
3346
3349
3352
3356
3357
3359
3362
3364
3366
3367
3368
3369
3370
3372
3373
3375
3376
3378
3379
3385
3386
3388
3391
3392
3393
3394
3396
3397
3406
3408
3410
3411
3412
3417
3418
3420
3421
3423
3424
3427
3428
3429
3432
3437
3439
3440
3443
3452
3453
3454
3455
3456
3458
3459
3460
3462
3463
3468
3469
3475
3477
3481
3483
3484
3485
3486
3489
3490
3491
3492
3494
3495
3496
3501
3502
3503
3504
3506
3507
3509
3510
3512
3514
3515
3517
3518
3523
3526
3528
3531
3532
3535
3540
3541
3542
3543
3544
3547
3549
3551
3552
3555
3563
3565
3567
3569
3571
3572
3573
3576
3578
3579
3583
3585
3586
3588
3594
3595
3596
3600
3606
3608
3611
3612
3613
3614
3615
3618
3619
3625
3626
3631
3632
3635
3638
3643
3646
3647
3648
3654
3661
3663
3665
3668
3670
3672
3676
3677
3679
3682
3684
3685
3686
3688
3689
3691
3694
3695
3697
3699
3700
3701
3703
3705
3706
3707
3708
3710
3713
3714
3715
3717
3719
3720
3722
3723
3726
3728
3733
3734
3738
3743
3744
3749
3753
3754
3755
3756
3757
3760
3761
3762
3763
3772
3773
3774
3777
3778
3780
3782
3784
3787
3788
3789
3790
3791
3796
3799
3801
3803
3805
3807
3808
3811
3813
3814
3815
3816
3817
3818
3819
3820
3821
3822
3823
3824
3825
3826
3827
3830
3832
3835
3836
3839
3840
3841
3842
3843
3845
3846
3849
3850
3853
3854
3855
3862
3863
3867
3870
3871
3872
3873
3876
3879
3881
3885
3888
3889
3891
3893
3894
3896
3898
3901
3902
3904
3905
3913
3920
3922
3923
3925
3926
3928
3929
3932
3933
3934
3936
3938
3939
3940
3941
3942
3943
3944
3945
3946
3947
3948
3949
3950
3951
3952
3953
3956
3957
3959
3963
3964
3965
3966
3969
3972
3976
3979
3980
3983
3984
3985
3989
3990
3991
3992
3994
3995
3997
3998
4001
4002
4004
4008
4009
4010
4012
4013
4015
4017
4032
4034
4035
4038
4047
4052
4053
4054
4055
4058
4060
4063
4067
4071
4073
4077
4078
4079
4080
4083
4085
4088
4089
4090
4092
4094
4101
4103
4104
4105
4106
4107
4109
4113
4117
4119
4120
4121
4122
4123
4125
4126
4133
4135
4139
4141
4145
4147
4151
4152
4154
4155
4156
4157
4163
4166
4171
4173
4174
4175
4176
4177
4181
4182
4183
4186
4187
4188
4190
4192
4193
4195
4202
4203
4204
4205
4209
4212
4214
4215
4218
4219
4222
4223
4228
4229
4232
4234
4235
4236
4237
4245
4246
4253
4255
4256
4257
4258
4259
4261
4264
4266
4268
4271
4273
4276
4282
4283
4284
4285
4287
4288
4290
4291
4292
4293
4294
4298
4301
4302
4308
4312
4313
4317
4318
4319
4320
4321
4324
4326
4329
4331
4332
4334
4336
4337
4338
4340
4342
4343
4347
4348
4353
4354
4356
4357
4359
4360
4362
4363
4364
4365
4373
4374
4376
4377
4381
4382
4384
4385
4387
4388
4390
4392
4394
4395
4397
4405
4408
4409
4411
4412
4414
4416
4417
4418
4420
4421
4424
4425
4426
4430
4431
4435
4438
4440
4441
4442
4443
4444
4451
4462
4466
4467
4471
4474
4475
4479
4480
4482
4483
4485
4488
4489
4490
4491
4492
4499
4501
4502
4504
4506
4507
4510
4512
4514
4515
4516
4517
4518
4519
4520
4523
4524
4525
4530
4532
4535
4537
4540
4542
4544
4548
4551
4554
4555
4561
4562
4563
4565
4566
4568
4573
4574
4576
4577
4578
4579
4582
4583
4586
4588
4589
4590
4591
4601
4602
4603
4607
4610
4611
4612
4617
4621
4623
4624
4625
4627
4628
4629
4630
4634
4636
4639
4641
4644
4646
4650
4651
4652
4653
4654
4655
4656
4657
4661
4662
4663
4668
4669
4672
4673
4675
4680
4681
4682
4683
4690
4692
4695
4699
4700
4705
4706
4709
4710
4711
4712
4716
4717
4719
4720
4722
4725
4726
4727
4728
4729
4733
4734
4736
4737
4738
4742
4743
4745
4747
4748
4749
4751
4755
4756
4757
4758
4763
4766
4768
4769
4770
4776
4777
4778
4781
4783
4788
4789
4791
4793
4794
4795
4797
4798
4799
4801
4804
4805
4807
4808
4809
4810
4811
4812
4813
4815
4819
4822
4823
4825
4826
4827
4828
4831
4833
4834
4837
4839
4841
4846
4847
4852
4853
4858
4860
4863
4866
4870
4872
4877
4878
4882
4885
4891
4892
4893
4894
4896
4898
4899
4900
4902
4903
4904
4905
4908
4909
4911
4912
4914
4915
4916
4920
4921
4922
4925
4927
4928
4929
4932
4935
4937
4938
4939
4941
4943
4945
4947
4950
4951
4952
4953
4954
4955
4956
4960
4962
4963
4964
4965
4966
4970
4971
4972
4974
4975
4979
4980
4982
4983
4985
4986
4988
4990
4991
4992
4997
4998
4999
5001
5004
5006
5007
5009
5014
5017
5019
5020
5021
5023
5025
5026
5027
5028
5029
5032
5033
5034
5036
5037
5040
