"rank"
8
11
12
14
17
19
20
23
24
35
36
42
44
45
46
47
50
56
57
65
66
68
70
76
79
82
86
88
89
90
101
103
106
108
113
114
115
121
122
127
128
129
133
134
138
140
143
148
153
155
161
164
165
166
175
176
181
188
192
193
196
199
203
205
215
216
218
223
225
230
232
234
241
245
250
252
255
257
259
262
272
278
283
285
287
293
294
299
309
314
317
325
328
331
333
335
341
343
344
352
356
359
363
364
366
368
369
377
388
391
395
399
401
403
411
414
415
418
420
426
427
428
430
434
435
437
441
442
445
448
450
455
457
461
463
466
471
472
474
477
480
482
484
489
491
493
497
502
511
513
516
518
521
523
525
527
536
538
539
541
545
548
550
551
553
554
557
558
560
562
565
566
570
572
574
585
590
592
593
594
604
608
610
611
614
620
623
628
630
632
633
644
646
649
654
655
656
659
664
666
667
668
670
671
673
682
684
688
700
701
704
711
712
713
717
718
719
722
724
725
732
734
735
736
737
739
740
742
752
757
759
763
765
769
776
778
784
786
787
796
799
809
812
813
817
818
819
820
822
830
831
836
837
843
844
845
850
851
857
859
864
868
871
872
876
879
880
881
882
886
890
891
895
899
910
918
919
925
933
939
940
942
944
945
956
957
971
977
978
979
994
1007
1009
1010
1012
1014
1016
1019
1027
1033
1040
1042
1050
1054
1057
1060
1066
1069
1070
1072
1076
1080
1083
1087
1088
1090
1092
1094
1095
1097
1098
1099
1102
1103
1107
1110
1111
1112
1114
1116
1117
1120
1121
1126
1136
1139
1144
1145
1146
1147
1148
1149
1151
1153
1154
1159
1161
1167
1169
1171
1173
1174
1179
1180
1181
1182
1192
1215
1216
1218
1223
1226
1229
1240
1241
1257
1258
1264
1267
1271
1272
1281
1283
1296
1299
1300
1301
1306
1310
1313
1314
1316
1325
1328
1330
1331
1332
1335
1337
1339
1342
1346
1352
1353
1354
1358
1359
1363
1364
1366
1375
1376
1381
1387
1388
1392
1393
1395
1396
1397
1398
1400
1401
1404
1405
1407
1409
1413
1414
1419
1420
1422
1423
1426
1428
1429
1430
1432
1433
1435
1440
1441
1447
1448
1450
1454
1457
1459
1460
1468
1479
1481
1487
1491
1493
1498
1500
1501
1506
1507
1508
1509
1515
1516
1517
1519
1523
1525
1529
1534
1542
1545
1551
1552
1553
1554
1555
1557
1561
1563
1565
1572
1583
1584
1589
1591
1592
1593
1600
1603
1606
1609
1616
1618
1619
1623
1635
1639
1651
1657
1658
1662
1664
1666
1674
1676
1677
1678
1681
1682
1683
1685
1689
1691
1692
1693
1695
1696
1699
1703
1710
1713
1714
1717
1718
1721
1722
1723
1725
1727
1733
1743
1744
1746
1750
1751
1756
1758
1760
1762
1763
1765
1766
1768
1771
1772
1776
1780
1781
1785
1786
1788
1791
1792
1793
1796
1798
1801
1802
1806
1813
1819
1825
1828
1829
1831
1834
1835
1842
1843
1848
1849
1851
1853
1854
1860
1861
1864
1865
1866
1873
1875
1880
1886
1887
1889
1891
1892
1894
1896
1899
1903
1905
1906
1913
1916
1923
1929
1933
1935
1942
1944
1946
1948
1954
1955
1956
1966
1971
1973
1974
1975
1976
1979
1984
1985
1986
1990
1992
1994
1996
2000
2009
2013
2016
2017
2020
2023
2024
2025
2028
2029
2031
2033
2040
2041
2042
2043
2044
2045
2048
2055
2057
2058
2059
2060
2068
2069
2070
2072
2075
2077
2079
2080
2081
2084
2086
2087
2090
2098
2100
2101
2103
2104
2109
2113
2114
2115
2116
2126
2130
2132
2136
2137
2141
2142
2143
2144
2148
2150
2156
2157
2160
2161
2162
2165
2167
2169
2171
2174
2179
2185
2187
2189
2194
2195
2196
2203
2206
2214
2215
2218
2219
2220
2221
2222
2224
2225
2226
2227
2229
2232
2234
2236
2237
2239
2248
2252
2253
2254
2261
2262
2264
2268
2272
2275
2276
2280
2281
2286
2294
2296
2298
2299
2301
2302
2303
2304
2308
2309
2310
2311
2314
2315
2322
2324
2326
2328
2329
2333
2335
2336
2342
2344
2345
2347
2348
2349
2352
2354
2355
2356
2360
2364
2371
2377
2381
2382
2383
2385
2387
2390
2395
2397
2400
2401
2403
2404
2407
2409
2411
2412
2415
2421
2424
2427
2429
2432
2436
2437
2440
2442
2444
2445
2446
2451
2455
2457
2459
2466
2469
2470
2475
2482
2484
2487
2489
2491
2492
2493
2498
2499
2502
2503
2506
2508
2511
2513
2514
2516
2517
2522
2525
2527
2530
2531
2532
2533
2534
2536
2538
2539
2547
2549
2552
2555
2556
2561
2564
2567
2575
2582
2590
2595
2601
2606
2609
2610
2611
2612
2613
2615
2617
2621
2623
2625
2627
2629
2630
2634
2636
2639
2641
2643
2644
2647
2648
2650
2660
2663
2668
2672
2674
2676
2680
2681
2682
2683
2686
2687
2690
2694
2695
2699
2700
2703
2704
2706
2708
2711
2715
2716
2721
2723
2724
2726
2728
2729
2731
2732
2734
2737
2739
2741
2743
2748
2750
2753
2755
2756
2757
2763
2764
2770
2776
2777
2779
2784
2785
2792
2795
2798
2799
2805
2807
2808
2809
2811
2814
2816
2817
2818
2819
2820
2822
2825
2827
2828
2830
2831
2834
2837
2838
2839
2841
2844
2845
2847
2849
2850
2851
2853
2857
2859
2861
2864
2867
2868
2872
2873
2874
2875
2881
2882
2884
2885
2888
2889
2891
2892
2894
2895
2900
2902
2906
2911
2914
2916
2918
2921
2922
2925
2926
2928
2938
2939
2940
2944
2947
2954
2957
2958
2959
2960
2962
2964
2967
2975
2980
2985
2987
2988
2996
2999
3000
3003
3004
3006
3009
3010
3013
3014
3016
3018
3019
3025
3026
3029
3033
3034
3037
3038
3039
3041
3044
3045
3047
3048
3049
3053
3054
3057
3059
3065
3066
3067
3068
3076
3078
3079
3080
3081
3085
3087
3088
3089
3093
3095
3096
3097
3107
3109
3111
3113
3115
3117
3123
3124
3125
3126
3129
3132
3133
3134
3139
3141
3143
3144
3157
3159
3160
3161
3162
3163
3168
3169
3170
3171
3173
3174
3177
3180
3193
3196
3199
3203
3205
3209
3211
3214
3219
3222
3225
3230
3234
3235
3236
3237
3241
3245
3246
3249
3251
3253
3254
3258
3259
3262
3263
3265
3266
3267
3268
3272
3273
3276
3277
3278
3280
3284
3287
3291
3294
3295
3296
3297
3298
3304
3308
3309
3311
3319
3321
3329
3333
3335
3338
3345
3347
3349
3350
3351
3352
3353
3354
3355
3356
3357
3366
3368
3372
3374
3375
3378
3383
3384
3385
3388
3390
3394
3395
3400
3401
3402
3404
3407
3410
3411
3413
3417
3420
3422
3424
3428
3429
3432
3434
3435
3436
3438
3439
3440
3441
3442
3445
3446
3447
3449
3452
3453
3454
3461
3463
3467
3474
3475
3479
3481
3484
3485
3486
3489
3490
3492
3493
3499
3500
3502
3509
3512
3513
3514
3515
3519
3523
3526
3530
3531
3535
3538
3540
3541
3542
3547
3548
3556
3557
3558
3561
3566
3570
3573
3574
3578
3586
3591
3592
3593
3594
3595
3598
3599
3602
3603
3604
3605
3607
3609
3610
3614
3615
3616
3621
3623
3626
3627
3628
3629
3631
3632
3635
3645
3646
3647
3648
3649
3652
3653
3654
3655
3659
3661
3663
3666
3668
3669
3670
3673
3676
3679
3680
3682
3683
3692
3693
3695
3696
3697
3701
3702
3710
3711
3712
3714
3715
3716
3722
3723
3726
3727
3731
3739
3745
3747
3748
3751
3757
3759
3761
3769
3770
3773
3774
3778
3784
3788
3789
3791
3795
3796
3797
3800
3801
3802
3806
3813
3815
3816
3820
3821
3824
3829
3832
3837
3839
3841
3845
3847
3851
3854
3858
3860
3864
3867
3869
3873
3874
3875
3876
3878
3879
3880
3881
3882
3883
3885
3889
3894
3897
3902
3905
3911
3912
3918
3919
3921
3922
3929
3930
3936
3939
3940
3941
3942
3946
3947
3957
3958
3960
3963
3964
3966
3968
3972
3975
3977
3980
3987
3988
3997
3999
4002
4006
4007
4008
4013
4016
4018
4021
4023
4024
4025
4027
4030
4033
4035
4036
4038
4041
4042
4043
4048
4050
4052
4054
4056
4057
4061
4062
4068
4070
4071
4073
4078
4081
4082
4086
4088
4092
4093
4096
4102
4103
4105
4108
4111
4119
4122
4123
4124
4125
4132
4134
4135
4139
4144
4146
4147
4153
4154
4159
4162
4163
4165
4168
4170
4172
4173
4175
4180
4186
4187
4188
4189
4190
4192
4193
4197
4199
4202
4204
4206
4207
4208
4209
4211
4212
4213
4215
4216
4218
4219
4224
4227
4230
4232
4241
4246
4256
4259
4267
4268
4270
4274
4287
4289
4292
4293
4294
4295
4296
4298
4299
4304
4305
4306
4307
4308
4313
4314
4315
4317
4318
4321
4322
4323
4330
4331
4336
4337
4338
4339
4343
4345
4348
4349
4350
4353
4354
4360
4361
4363
4366
4368
4373
4375
4377
4379
4381
4382
4383
4384
4386
4388
4389
4391
4394
4395
4404
4409
4410
4413
4415
4420
4421
4424
4426
4427
4429
4430
4431
4432
4433
4440
4441
4444
4447
4448
4449
4452
4455
4459
4470
4473
4475
4478
4480
4484
4487
4491
4492
4493
4498
4499
4501
4505
4507
4508
4510
4512
4515
4520
4530
4532
4538
4539
4541
4547
4551
4562
4563
4566
4568
4571
4573
4574
4575
4578
4581
4584
4586
4591
4594
4595
4599
4602
4605
4606
4607
4610
4611
4613
4615
4616
4620
4621
4625
4629
4631
4632
4634
4637
4638
4654
4659
4660
4661
4662
4663
4665
4673
4675
4676
4677
4679
4682
4687
4694
4696
4697
4700
4703
4706
4708
4710
4711
4713
4716
4717
4718
4720
4723
4725
4728
4731
4733
4734
4735
4737
4739
4740
4743
4746
4750
4752
4757
4758
4762
4764
4765
4768
4769
4771
4772
4774
4775
4781
4784
4791
4793
4794
4799
4800
4806
4807
4810
4814
4815
4816
4817
4819
4822
4824
4825
4826
4827
4828
4829
4832
4833
4835
4840
4841
4842
4845
4846
4854
4856
4857
4858
4859
4862
4864
4866
4867
4870
4871
4875
4876
4877
4878
4880
4881
4882
4883
4886
4893
4894
4896
4897
4898
4900
4903
4908
4909
4912
4916
4920
4921
4924
4926
4928
4930
4931
4934
4935
4940
4947
4950
4951
4952
4953
4954
4958
4961
4962
4971
4976
4977
4979
4981
4982
4985
4987
4989
4990
4994
4995
5001
5002
5004
5006
5010
5014
5016
5017
5021
5023
5025
5026
5028
5031
5037
