6
19
37
46
47
49
62
66
75
91
97
110
112
121
132
136
146
147
155
158
160
163
164
171
177
186
188
226
228
234
250
251
257
264
265
275
280
285
293
294
304
305
308
311
327
329
334
344
345
369
370
372
373
405
406
415
422
424
427
428
430
433
441
442
472
479
483
500
501
506
512
521
528
529
532
537
542
545
555
565
573
589
597
598
599
604
609
610
620
632
634
639
657
665
674
676
682
686
689
692
693
697
698
703
709
712
713
715
717
718
726
729
731
735
740
744
749
751
755
757
763
770
775
778
783
795
796
811
818
819
820
823
838
841
852
858
861
862
863
864
865
868
874
881
882
883
884
885
888
894
895
902
906
908
912
915
917
918
919
920
924
929
930
933
934
943
947
949
954
955
959
968
973
974
975
987
988
992
994
997
999
1002
1003
1006
1010
1014
1015
1030
1033
1041
1042
1043
1047
1066
1068
1076
1081
1106
1110
1115
1119
1124
1128
1135
1142
1151
1156
1157
1162
1164
1172
1173
1175
1177
1182
1186
1190
1196
1198
1202
1205
1206
1208
1218
1221
1223
1225
1226
1235
1236
1237
1244
1245
1246
1257
1265
1268
1269
1271
1274
1280
1281
1293
1297
1303
1310
1311
1313
1315
1320
1321
1325
1332
1337
1339
1344
1346
1351
1354
1355
1359
1361
1362
1363
1364
1368
1371
1373
1374
1375
1376
1377
1383
1390
1391
1401
1409
1422
1424
1436
1437
1443
1448
1454
1457
1459
1461
1470
1476
1479
1497
1502
1504
1508
1514
1517
1518
1520
1525
1539
1546
1547
1552
1553
1554
1569
1577
1579
1586
1590
1592
1593
1595
1603
1607
1609
1621
1624
1633
1634
1635
1641
1650
1651
1654
1656
1660
1661
1665
1668
1673
1675
1683
1684
1693
1698
1705
1717
1718
1721
1729
1733
1734
1739
1741
1758
1763
1766
1770
1772
1775
1785
1787
1796
1797
1798
1799
1801
1807
1809
1815
1821
1822
1829
1838
1843
1851
1857
1862
1864
1865
1866
1870
1880
1881
1886
1887
1890
1893
1895
1901
1903
1907
1912
1917
1919
1920
1923
1925
1926
1928
1939
1942
1943
1945
1946
1958
1961
1963
1967
1972
1974
1975
1976
1979
1981
1995
1996
2000
2003
2010
2012
2015
2017
2019
2020
2030
2031
2033
2034
2038
2041
2047
2049
2059
2060
2065
2069
2072
2074
2079
2080
2092
2095
2105
2106
2109
2114
2120
2121
2124
2132
2133
2134
2138
2141
2145
2151
2154
2166
2185
2193
2201
2208
2214
2217
2219
2228
2231
2232
2238
2245
2246
2247
2248
2249
2250
2252
2256
2259
2260
2263
2266
2271
2272
2279
2282
2283
2299
2302
2307
2308
2317
2326
2328
2334
2336
2337
2345
2354
2355
2356
2359
2361
2362
2363
2369
2374
2378
2380
2381
2384
2389
2392
2394
2395
2403
2404
2410
2412
2422
2426
2429
2433
2437
2438
2448
2453
2455
2460
2463
2465
2469
2474
2477
2479
2480
2492
2499
2520
2539
2550
2559
2560
2562
2563
2577
2580
2584
2587
2595
2596
2597
2601
2608
2609
2610
2615
2619
2624
2631
2636
2646
2649
2654
2660
2661
2663
2674
2676
2678
2680
2681
2682
2685
2696
2702
2703
2710
2713
2719
2722
2727
2729
2731
2737
2742
2747
2754
2759
2775
2777
2791
2793
2818
2821
2826
2833
2834
2836
2844
2845
2846
2862
2863
2864
2868
2869
2870
2874
2879
2889
2900
2902
2903
2908
2917
2933
2934
2935
2936
2938
2946
2947
2955
2956
2960
2968
2975
2976
2978
2979
2990
3002
3009
3014
3029
3031
3037
3042
3048
3059
3064
3067
3075
3079
3088
3093
3094
3099
3100
3103
3120
3124
3126
3128
3129
3132
3137
3145
3149
3153
3154
3157
3163
3174
3177
3178
3190
3191
3192
3193
3198
3199
3207
3210
3214
3215
3226
3240
3246
3253
3257
3271
3277
3280
3282
3289
3290
3297
3305
3314
3315
3316
3329
3332
3345
3346
3354
3358
3361
3365
3367
3372
3373
3374
3378
3394
3395
3396
3400
3407
3409
3416
3421
3427
3437
3438
3442
3446
3447
3453
3455
3460
3464
3475
3476
3478
3481
3485
3491
3495
3497
3504
3506
3510
3512
3515
3520
3522
3525
3536
3538
3552
3554
3557
3559
3561
3566
3570
3582
3583
3584
3588
3590
3598
3605
3607
3608
3624
3636
3641
3644
3648
3649
3651
3665
3666
3668
3680
3686
3693
3695
3696
3697
3703
3714
3717
3738
3745
3760
3761
3762
3765
3767
3771
3773
3780
3786
3791
3793
3798
3818
3819
3831
3834
3838
3840
3846
3847
3849
3854
3857
3859
3863
3867
3871
3872
3877
3887
3890
3903
3905
3906
3920
3923
3926
3928
3943
3944
3945
3950
3951
3958
3962
3969
3973
3975
3976
3980
3983
4004
4006
4012
4013
4018
4023
4034
4038
4040
4044
4046
4049
4051
4059
4064
4069
4074
4076
4080
4087
4097
4098
4107
4110
4113
4126
4127
4128
4131
4134
4137
4141
4144
4151
4167
4171
4172
4177
4178
4179
4188
4190
4193
4194
4196
4207
4212
4214
4228
4233
4236
4239
4241
4253
4257
4261
4263
4273
4281
4284
4290
4298
4302
4306
4308
4309
4316
4317
4320
4326
4333
4335
4352
4355
4364
4368
4376
4384
4387
4391
4406
4410
4411
4414
4417
4422
4430
4436
4447
4453
4457
4458
4460
4464
4469
4484
4493
4494
4495
4504
4505
4514
4516
4522
4524
4530
4534
4535
4539
4543
4544
4545
4548
4551
4553
4557
4560
4567
4572
4575
4583
4592
4595
4596
4597
4608
4609
4611
4620
4622
4630
4635
4639
4648
4650
4652
4666
4668
4669
4673
4678
4691
4696
4698
4707
4711
4717
4724
4729
4734
4750
4751
4752
4763
4764
4786
4787
4790
4797
4799
4802
4807
4809
4822
4823
4824
4828
4831
4839
4840
4841
4842
4845
4853
4854
4863
4864
4868
4870
4878
4880
4883
4891
4895
4899
4902
4906
4908
4909
4912
4914
4915
4924
4925
4927
4932
4934
4935
4943
4945
4946
4947
4951
4952
4957
4962
4970
4972
4973
4974
4975
4976
4980
4984
4988
4992
5015
5040
